start=2494.630000
sub-delay=0.000000
