start=1420.671000
volume=110.000000
