start=2451.032000
pause=yes
volume=75.000000
