start=1459.209000
volume=110.000000
